# Created by Octave 6.1.1~hg.2021.01.26, Fri Jun 10 10:06:12 2022 EEST <mustang@pop-os>
# name: A
# type: matrix
# rows: 2
# columns: 2
 0 1.614987080103359
 0 -1.8518518518518516


# name: B
# type: matrix
# rows: 2
# columns: 1
 0
 2.0624074074074072


# name: Km
# type: scalar
259


# name: Ko
# type: scalar
0.25


# name: Kt
# type: scalar
0.0043


# name: Ku
# type: scalar
0.027777777777777776


# name: Tm
# type: scalar
0.54000000000000004


# name: lab4_time
# type: matrix
# rows: 1
# columns: 120
 8.7399999999999997e-05 0.093606599999999998 0.12742819999999999 0.15494930000000001 0.18909100000000001 0.21714620000000001 0.24978220000000001 0.27744069999999998 0.30709560000000002 0.3353952 0.36356300000000003 0.39164339999999997 0.42046810000000001 0.4515941 0.47804809999999998 0.50867119999999999 0.53611129999999996 0.56490269999999998 0.59329270000000001 0.62296269999999998 0.65090119999999996 0.67804869999999995 0.70335360000000002 0.73283790000000004 0.7601694 0.78909059999999998 0.82075209999999998 0.84949300000000005 0.87954739999999998 0.90910239999999998 0.93589259999999996 0.96223890000000001 0.98963630000000002 1.0231983 1.0506844 1.0841497 1.1133447000000001 1.1420311000000001 1.1745657 1.2038745 1.2321057 1.2606717999999999 1.2895854 1.3182581 1.3468989 1.3769377 1.4047296 1.4330947999999999 1.4617031 1.4918981 1.5189387999999999 1.5470440999999999 1.5724047999999999 1.6057007000000001 1.6335995000000001 1.6623599 1.6906163999999999 1.7201740999999999 1.7478262 1.7785274 1.8059145000000001 1.8341531 1.8635044999999999 1.8926592 1.9201258000000001 1.9498336999999999 1.9775266 2.0092408000000002 2.0350374000000002 2.0635248000000002 2.0926689999999999 2.1211351000000001 2.1507181000000002 2.1812857999999999 2.2064615999999999 2.2362201000000002 2.2632561 2.2886445000000002 2.3182649 2.3464559 2.3748189000000002 2.4071932999999999 2.4368287999999998 2.4641685 2.4900864999999999 2.5205479 2.5471080000000001 2.5755110000000001 2.6040396000000001 2.6331405000000001 2.6620434999999998 2.6895927999999998 2.7196210000000001 2.7472381000000001 2.7808559000000002 2.8095571000000001 2.8481078000000002 2.8754748000000001 2.9082208000000001 2.9353756999999998 2.9650938999999998 2.9934557000000002 3.0224057000000002 3.0495842 3.0750950000000001 3.1041525999999999 3.1331644000000001 3.1605997000000001 3.1924782999999999 3.2189963000000001 3.2490546 3.2762769999999999 3.3044878999999998 3.3348702000000001 3.3616940999999998 3.4042868999999998 3.4326734999999999 3.4618338 3.4896962 3.5172865


# name: lab4_x1_est
# type: matrix
# rows: 1
# columns: 120
 6.2757030907336535 6.6834175606189019 6.4828551545717401 6.6467611992215243 6.7426365799311991 6.8566553017364944 7.1026598896363504 7.1554860396209028 7.3570466451585537 7.490540567204981 7.6838386092065738 7.9190275606355343 7.9883766462581951 8.4896243064596622 8.5408878964677104 8.9378264058273107 9.1771173509378556 9.3348049859977014 9.8496973315853786 10.024231307793325 10.465674222374751 10.682498444954449 11.202908070115411 11.587358161881236 12.281308400354042 12.510536418061688 13.510519956146979 13.547556855443039 -19.455753439016163 -86.343811457172052 -1284.6054825090202 -262204.23107929574 -11301886531.244633 -2.5721777027125408e+19 -1.0911044095803029e+38 -2.3904441141477357e+75 -1.0009604539218114e+150 -1.7244918235895105e+299 -Inf NaN NaN NaN NaN NaN NaN NaN NaN NaN NaN NaN NaN NaN NaN NaN NaN NaN NaN NaN NaN NaN NaN NaN NaN NaN NaN NaN NaN NaN NaN NaN NaN NaN NaN NaN NaN NaN NaN NaN NaN NaN NaN NaN NaN NaN NaN NaN NaN NaN NaN NaN NaN NaN NaN NaN NaN NaN NaN NaN NaN NaN NaN NaN NaN NaN NaN NaN NaN NaN NaN NaN NaN NaN NaN NaN NaN NaN NaN NaN NaN NaN


# name: lab4_x1_real
# type: matrix
# rows: 1
# columns: 120
 6.3196480938416419 6.4222873900293251 6.5395894428152488 6.6275659824046915 6.7008797653958938 6.8181818181818175 7.0087976539589434 7.1114369501466275 7.2727272727272734 7.4193548387096779 7.5953079178885634 7.8152492668621694 7.9178885630498534 8.2697947214076244 8.4750733137829926 8.739002932551319 9.0469208211143695 9.2228739002932549 9.6041055718475068 9.8973607038123159 10.234604105571847 10.542521994134898 10.953079178885631 11.348973607038124 11.906158357771261 12.346041055718475 12.888563049853371 13.48973607038123 0 0.05865102639296188 0.11730205278592376 0.38123167155425219 0.6158357771260996 0.90909090909090917 1.0850439882697946 1.3636363636363638 1.5982404692082111 1.774193548387097 1.9794721407624634 2.2140762463343107 2.4046920821114366 2.5659824046920816 2.8445747800586512 3.0351906158357771 3.2404692082111435 3.3724340175953076 3.6363636363636367 3.7243401759530794 4.0175953079178885 4.2815249266862168 4.3548387096774199 4.6627565982404686 4.7947214076246336 5.1173020527859236 5.3372434017595314 5.5571847507331382 5.8357771260997069 6.0997067448680351 6.3636363636363633 6.642228739002932 6.8768328445747793 7.0967741935483879 7.3753665689149557 7.8152492668621694 8.064516129032258 8.4750733137829926 8.7683284457478017 9.1788856304985345 9.5894428152492672 9.9560117302052777 10.439882697947215 10.923753665689151 11.480938416422287 12.023460410557185 12.478005865102638 13.269794721407624 13.299120234604104 0.01466275659824047 0.08797653958944282 0.26392961876832843 0.54252199413489732 0.86510263929618758 1.1143695014662756 1.3782991202346042 1.5835777126099706 1.8181818181818183 2.0234604105571847 2.2287390029325511 2.419354838709677 2.6539589442815252 2.8739002932551321 3.1085043988269794 3.2551319648093839 3.4750733137829908 3.7683284457478008 4.0469208211143695 4.193548387096774 4.3108504398826977 4.6920821114369495 4.9266862170087968 5.1173020527859236 5.3372434017595314 5.6011730205278596 5.9384164222873901 6.0850439882697946 6.3489736070381229 6.6568914956011724 6.9354838709677411 7.1994134897360702 7.5073313782991207 7.8445747800586503 8.2258064516129021 8.5630498533724335 8.9296187683284458 9.2961876832844581 9.868035190615835 10.322580645161292 10.821114369501467 11.304985337243401 11.803519061583579


# name: lab4_x2_est
# type: matrix
# rows: 1
# columns: 120
 -0.52719542115380991 -0.073831451923498215 0.14855190029175108 0.29540072770011327 0.45810937842443555 0.58122864735809399 0.6981362907080364 0.80152977854564755 0.89397303395355299 0.97899623499524191 1.0532390403628273 1.118186134486054 1.1888107401407544 1.2177425714177341 1.2770871557239485 1.3045827445875211 1.344282377981046 1.3878125068889784 1.3934945636819096 1.4307134470397549 1.4369600858147729 1.4648626047030175 1.4640878564015198 1.4662791108670246 1.4345185915707077 1.4580386203837659 1.3515702186380287 1.408496956783448 6.7419669668566602 29.400226290908911 337.35048089767122 62488.377950660535 2786838963.1032796 7.7694685278124513e+18 2.6991184420948609e+37 7.1997236471869461e+74 2.6300736407022629e+149 4.4522516023396322e+298 Inf NaN NaN NaN NaN NaN NaN NaN NaN NaN NaN NaN NaN NaN NaN NaN NaN NaN NaN NaN NaN NaN NaN NaN NaN NaN NaN NaN NaN NaN NaN NaN NaN NaN NaN NaN NaN NaN NaN NaN NaN NaN NaN NaN NaN NaN NaN NaN NaN NaN NaN NaN NaN NaN NaN NaN NaN NaN NaN NaN NaN NaN NaN NaN NaN NaN NaN NaN NaN NaN NaN NaN NaN NaN NaN NaN NaN NaN NaN NaN NaN NaN


