# Created by Octave 6.1.1~hg.2021.01.26, Fri Jun 10 09:30:38 2022 EEST <mustang@pop-os>
# name: A
# type: matrix
# rows: 2
# columns: 2
 0 1.614987080103359
 0 -1.8518518518518516


# name: B
# type: matrix
# rows: 2
# columns: 1
 0
 2.0624074074074072


# name: Km
# type: scalar
259


# name: Ko
# type: scalar
0.25


# name: Kt
# type: scalar
0.0043


# name: Ku
# type: scalar
0.027777777777777776


# name: Tm
# type: scalar
0.54000000000000004


# name: lab2_1_time
# type: matrix
# rows: 1
# columns: 60
 0.029589500000000001 0.1610385 0.2219063 0.30470350000000002 0.36550739999999998 0.43014770000000002 0.48465150000000001 0.54549040000000004 0.60237589999999996 0.66013920000000004 0.71789789999999998 0.77513989999999999 0.8362328 0.89405279999999998 0.95650219999999997 1.0163605 1.0742106 1.1351309000000001 1.1924631999999999 1.2545288000000001 1.3115608000000001 1.369408 1.4234112999999999 1.4788017 1.5376566 1.5933971 1.6514192999999999 1.7093286000000001 1.7713296999999999 1.8316821999999999 1.8976964000000001 1.9546952 2.0170336999999998 2.0688879 2.1261796999999998 2.1838194999999998 2.2373205 2.2945395 2.3565375 2.4185612000000001 2.4793669999999999 2.5398752999999998 2.5986652000000001 2.6585603 2.7166787999999999 2.7783714000000002 2.8367127999999999 2.8956526999999999 2.9489263000000001 3.0071691999999999 3.0639439999999998 3.1186164999999999 3.1784447999999998 3.2377532000000002 3.2991978999999998 3.3556172000000002 3.4137441000000002 3.4655529 3.5229720000000002 3.5808173000000001


# name: lab2_1_x1
# type: matrix
# rows: 1
# columns: 60
 1.902932551319648 1.9633431085043989 2.3107038123167154 2.4315249266862171 2.6429618768328442 2.9299120234604108 3.1564516129032261 3.4585043988269795 3.8360703812316719 4.2287390029325511 4.6667155425219944 5.1802052785923749 5.6030791788856309 6.9170087976539589 6.5545454545454538 7.0831378299120225 7.4002932551319649 7.5513196480938412 7.7023460410557183 7.7778592375366573 7.8231671554252209 7.7174486803519073 7.8080645161290319 7.9439882697947208 7.9288856304985345 7.9439882697947208 7.9439882697947208 7.9741935483870972 7.9288856304985345 7.9288856304985345 7.9137829912023463 7.959090909090909 7.9892961876832844 7.9137829912023463 7.9288856304985345 7.8835777126099709 7.9439882697947208 7.9439882697947208 7.8684750733137836 7.9439882697947208 7.8986803519061581 7.8835777126099709 7.8835777126099709 7.8986803519061581 7.9439882697947208 7.8684750733137836 7.8835777126099709 7.8986803519061581 7.8835777126099709 7.959090909090909 7.9439882697947208 7.8986803519061581 7.8986803519061581 7.9439882697947208 7.9439882697947208 8.5934017595307921 7.8684750733137836 7.8231671554252209 7.8533724340175954 7.8835777126099709


# name: lab2_1_x2
# type: matrix
# rows: 1
# columns: 60
 0.30244379276637368 -0.42248289345063483 1.7321603128054743 2.3362658846529811 3.3833822091886603 4.2895405669599249 4.8533724340175972 5.6185728250244384 6.0213098729227763 6.5851417399804486 7.1489736070381245 7.4711632453567933 8.0954056695992183 8.0954056695992183 6.5448680351906159 4.5915933528836774 2.8396871945259043 1.1884652981427184 0.30244379276637368 -0.080156402737047827 0.1614858260019556 1.1079178885630512 1.1280547409579675 0.64477028347996068 0.18162267839687196 -0.10029325513196419 0.1212121212121211 0.18162267839687196 0.34271749755620817 0.32258064516129004 0.1614858260019556 0.080938416422288384 0.1614858260019556 0.34271749755620817 0.30244379276637368 0.18162267839687196 0.060801564027370247 0.18162267839687196 0.34271749755620817 0.18162267839687196 0.32258064516129004 0.26217008797653918 0.1212121212121211 0.18162267839687196 0.30244379276637368 0.34271749755620817 0.18162267839687196 0.1614858260019556 0.24203323558162282 0.28230694037145732 0.34271749755620817 0.32258064516129004 0.1614858260019556 0.040664711632453887 0.2017595307917901 0.32258064516129004 0.26217008797653918 -0.42248289345063483 -0.66412512218963649 -0.20097751710654777


# name: lab2_2_time
# type: matrix
# rows: 1
# columns: 60
 0.029589500000000001 0.1610385 0.2219063 0.30470350000000002 0.36550739999999998 0.43014770000000002 0.48465150000000001 0.54549040000000004 0.60237589999999996 0.66013920000000004 0.71789789999999998 0.77513989999999999 0.8362328 0.89405279999999998 0.95650219999999997 1.0163605 1.0742106 1.1351309000000001 1.1924631999999999 1.2545288000000001 1.3115608000000001 1.369408 1.4234112999999999 1.4788017 1.5376566 1.5933971 1.6514192999999999 1.7093286000000001 1.7713296999999999 1.8316821999999999 1.8976964000000001 1.9546952 2.0170336999999998 2.0688879 2.1261796999999998 2.1838194999999998 2.2373205 2.2945395 2.3565375 2.4185612000000001 2.4793669999999999 2.5398752999999998 2.5986652000000001 2.6585603 2.7166787999999999 2.7783714000000002 2.8367127999999999 2.8956526999999999 2.9489263000000001 3.0071691999999999 3.0639439999999998 3.1186164999999999 3.1784447999999998 3.2377532000000002 3.2991978999999998 3.3556172000000002 3.4137441000000002 3.4655529 3.5229720000000002 3.5808173000000001


# name: lab2_2_x1
# type: matrix
# rows: 1
# columns: 60
 1.9180351906158359 1.9633431085043989 2.416422287390029 2.5825513196480938 2.8090909090909095 3.0809384164222875 3.3980938416422282 3.7152492668621706 4.1532258064516121 4.50058651026393 4.9234604105571851 5.4520527859237546 5.8296187683284462 6.3733137829912021 6.7357771260997064 7.188856304985336 7.3851906158357776 7.6268328445747802 7.6721407624633438 7.687243401759531 7.7778592375366573 7.8382697947214073 7.8986803519061581 7.9439882697947208 7.8986803519061581 7.8835777126099709 7.9288856304985345 7.9288856304985345 7.9288856304985345 8.0043988269794717 7.9892961876832844 7.959090909090909 7.9288856304985345 7.959090909090909 8.0195014662756599 7.959090909090909 7.9741935483870972 7.9137829912023463 8.034604105571848 8.0043988269794717 8.0043988269794717 7.9892961876832844 7.9892961876832844 7.9741935483870972 7.8986803519061581 7.9137829912023463 7.9892961876832844 8.0043988269794717 7.9892961876832844 7.9741935483870972 7.959090909090909 7.9439882697947208 7.9892961876832844 8.0043988269794717 8.034604105571848 7.9741935483870972 7.959090909090909 7.9741935483870972 7.9741935483870972 7.9892961876832844


# name: lab2_2_x2
# type: matrix
# rows: 1
# columns: 60
 0.30244379276637368 -0.56344086021505291 2.1550342130987303 3.0410557184750733 4.007624633431087 4.5513196480938429 5.5581622678396894 5.8602150537634419 6.3837732160312815 6.8469208211143684 7.3503421309872916 7.7732160312805458 8.0349951124144656 6.8066471163245357 5.2561094819159333 3.3229716520039094 1.510654936461389 0.50381231671554261 0.060801564027370247 0.1614858260019556 1.0072336265884676 1.8127077223851433 1.3092864125122201 0.18162267839687196 -0.66412512218963649 -1.4897360703812321 -0.70439882697947098 0.56422287390029346 1.7321603128054743 1.168328445747802 0.28230694037145732 -0.66412512218963649 -1.2480938416422287 -0.86549364613880542 0.52394916911045897 1.6717497556207235 1.0072336265884676 0.020527859237537527 -0.66412512218963649 -0.86549364613880542 -0.52316715542521841 0.56422287390029346 0.98709677419354946 0.42326490713587539 -0.24125122189638226 -0.68426197458455462 -0.66412512218963649 0.44340175953079175 1.1280547409579675 0.56422287390029346 -0.20097751710654777 -0.68426197458455462 -0.72453567937438734 0.26217008797653918 1.0072336265884676 0.5440860215053771 -0.26138807429129862 -0.70439882697947098 -0.58357771260996927 0.24203323558162282


