# Created by Octave 6.1.1~hg.2021.01.26, Fri Jun 10 09:35:32 2022 EEST <mustang@pop-os>
# name: A
# type: matrix
# rows: 2
# columns: 2
 0 1.614987080103359
 0 -1.8518518518518516


# name: B
# type: matrix
# rows: 2
# columns: 1
 0
 2.0624074074074072


# name: Km
# type: scalar
259


# name: Ko
# type: scalar
0.25


# name: Kt
# type: scalar
0.0043


# name: Ku
# type: scalar
0.027777777777777776


# name: Tm
# type: scalar
0.54000000000000004


# name: lab3_time
# type: matrix
# rows: 1
# columns: 200
 0.0267955 0.12858259999999999 0.18173610000000001 0.23442089999999999 0.28813549999999999 0.34931210000000001 0.40563070000000001 0.4609087 0.51331959999999999 0.56662029999999997 0.62098909999999996 0.6772823 0.7346435 0.7874236 0.83566099999999999 0.88987380000000005 0.93993150000000003 0.99345170000000005 1.0455254 1.0954794999999999 1.1470514000000001 1.1972449000000001 1.2541302999999999 1.3087324 1.3614501000000001 1.41099 1.4643622999999999 1.5161340000000001 1.5651862999999999 1.6188923 1.6759964000000001 1.7290380999999999 1.7835262999999999 1.8359711999999999 1.8855257000000001 1.9430059 1.9931744 2.0447481000000001 2.0982463999999998 2.1505687999999998 2.1999494999999998 2.2585033000000001 2.3166245000000001 2.3697542999999999 2.4272019 2.4793500000000002 2.5321642 2.5828088 2.6360157000000002 2.6885452999999999 2.7481863 2.7994325 2.8509066999999999 2.9083708000000001 2.9577547000000002 3.0123381 3.0699367 3.1214222 3.1763773 3.2299715 3.2818675000000002 3.3472561999999999 3.3978489999999999 3.4542195000000002 3.5069205999999999 3.5629403000000002 3.6321525000000001 3.6879198 3.7462791000000002 3.8018177 3.8524655999999999 3.9589235 4.0122350000000004 4.0722427000000003 4.1247255000000003 4.1791763 4.2375391999999996 4.2897793999999996 4.3427258999999996 4.4090088999999999 4.4732896000000002 4.5377413000000004 4.5966861000000003 4.6496797000000001 4.7048854000000002 4.7658699999999996 4.8230285000000004 4.8808100000000003 4.9374976999999998 4.9953833000000003 5.0506665000000002 5.1059270000000003 5.1588510999999997 5.2187105000000003 5.2741613999999997 5.3276915999999996 5.3839436999999997 5.4366591 5.4979991000000004 5.5569495 5.6176683000000001 5.6710536999999999 5.7328603999999999 5.7903605000000002 5.8467004999999999 5.9091117999999998 5.9625632 6.0289187000000002 6.0888285 6.1490181000000002 6.2030266000000003 6.2614570000000001 6.3176933000000002 6.3772326000000001 6.4327196000000004 6.4884060999999997 6.5507384999999996 6.6164779999999999 6.6746799000000001 6.7320133999999996 6.7898540000000001 6.8467212000000002 6.9059808 6.9603298999999996 7.0178263000000003 7.0727937000000001 7.1314830999999996 7.1815619000000002 7.2310718999999999 7.2888598 7.3463865000000004 7.4032456 7.4708977000000001 7.5214777000000002 7.5756560999999998 7.6328978999999997 7.689953 7.7424321999999997 7.7995429999999999 7.8558015000000001 7.9163408000000004 7.9725906000000002 8.0306356000000001 8.0837508000000007 8.1397061999999991 8.1930601000000003 8.2433168999999999 8.2970150999999994 8.3600106000000007 8.4157091000000008 8.4747617999999996 8.5344418999999991 8.5944760000000002 8.6534676000000008 8.7113089000000006 8.7646526999999992 8.8192722999999997 8.8699248999999991 8.9249808000000002 8.9911819000000008 9.0406668999999997 9.0978838999999994 9.1479946999999999 9.2089918999999991 9.2632296000000007 9.3163628999999997 9.3724927999999998 9.4292045000000009 9.4870821999999997 9.5412245999999996 9.6072775000000004 9.6647204000000002 9.7147647999999993 9.7665576999999999 9.8155028000000009 9.8793518999999996 9.9401860000000006 9.9995414 10.052607800000001 10.106695200000001 10.165276499999999 10.220025100000001 10.279726999999999 10.3410841 10.400737599999999 10.455682599999999 10.512147499999999 10.5668411 10.623384100000001 10.6816402 10.7431412 10.8032697 10.8510116 10.9046281 10.9589581 11.016011900000001 11.072888900000001 11.122880200000001 11.177094800000001 11.2332711


# name: lab3_x1
# type: matrix
# rows: 1
# columns: 200
 11.627565982404693 11.642228739002933 11.612903225806452 11.348973607038124 11.2316715542522 10.645161290322582 10.161290322580644 9.6920821114369495 9.2961876832844581 8.651026392961878 8.1378299120234594 7.6539589442815252 7.067448680351907 6.5542521994134892 5.9530791788856305 5.5278592375366573 5 4.67741935483871 4.4281524926686213 4.0762463343108504 3.7243401759530794 3.387096774193548 3.1671554252199412 2.8299120234604107 2.8152492668621703 2.6832844574780061 2.5366568914956007 2.3313782991202343 2.2434017595307916 2.2140762463343107 2.1994134897360702 2.1554252199413488 2.1260997067448679 2.1407624633431084 2.1700879765395893 2.1994134897360702 2.2873900293255129 2.3900293255131961 2.3900293255131961 2.3313782991202343 2.4780058651026389 2.6246334310850443 2.8005865102639298 2.8885630498533725 3.0351906158357771 3.0938416422287389 3.1378299120234603 3.3724340175953076 3.519061583577713 3.6363636363636367 3.7976539589442817 3.870967741935484 3.9882697947214076 4.1495601173020527 4.2375366568914963 4.3695014662756595 4.5014662756598245 4.5307917888563054 4.67741935483871 4.6920821114369495 4.8093841642228732 4.9853372434017587 5.0146627565982396 5.0586510263929618 5.0439882697947205 5.1906158357771268 5.29325513196481 5.3225806451612909 5.3812316715542527 5.3372434017595314 5.4398826979472146 5.4252199413489741 5.4838709677419359 5.5131964809384169 5.5425219941348978 5.5131964809384169 5.4838709677419359 5.5278592375366573 5.5718475073313787 5.4838709677419359 5.4985337243401764 5.454545454545455 5.4252199413489741 5.4398826979472146 5.4398826979472146 5.3812316715542527 5.3812316715542527 5.3519061583577718 5.3225806451612909 5.3812316715542527 5.3225806451612909 5.2346041055718482 5.2346041055718482 5.2052785923753673 5.2199413489736077 5.1612903225806459 5.1759530791788864 5.1612903225806459 5.1319648093841632 5.1026392961876823 5.1173020527859236 5.0879765395894427 5.0733137829912014 5.0586510263929618 5.0293255131964809 5.0586510263929618 5 4.9706744868035191 4.9266862170087968 4.9853372434017587 4.9853372434017587 4.9266862170087968 5.645161290322581 4.8973607038123159 4.9120234604105573 4.9560117302052777 4.9560117302052777 4.8973607038123159 4.8826979472140764 4.8240469208211145 4.868035190615835 4.8826979472140764 4.868035190615835 4.868035190615835 4.868035190615835 4.8973607038123159 4.9266862170087968 4.9413489736070382 4.9120234604105573 4.868035190615835 4.9560117302052777 4.9413489736070382 4.9413489736070382 4.8973607038123159 4.8973607038123159 4.9413489736070382 4.9266862170087968 4.9413489736070382 4.8973607038123159 4.9413489736070382 4.9706744868035191 4.9706744868035191 4.9120234604105573 4.9706744868035191 4.9706744868035191 4.9560117302052777 5 4.9266862170087968 4.9413489736070382 4.9853372434017587 5.0146627565982396 5 4.9706744868035191 4.9413489736070382 4.9853372434017587 5 5.0439882697947205 4.9413489736070382 4.9266862170087968 5 5.0146627565982396 5.0146627565982396 4.9560117302052777 4.9413489736070382 5 5.0146627565982396 5.0146627565982396 5.0293255131964809 4.9706744868035191 5 5.0293255131964809 5 5.0146627565982396 4.9706744868035191 5.0293255131964809 5.0439882697947205 5.0586510263929618 5 5.0146627565982396 5.0293255131964809 5.0586510263929618 5.0439882697947205 4.9853372434017587 4.9853372434017587 5.0586510263929618 5.0733137829912014 5.0586510263929618 4.9853372434017587 4.9706744868035191 5.0439882697947205 5.0586510263929618 5.0586510263929618 5.0146627565982396 5.0293255131964809 4.9706744868035191 5.0439882697947205 5.0439882697947205 5.0586510263929618 5 5


