# Created by Octave 6.1.1~hg.2021.01.26, Fri Jun 10 09:27:49 2022 EEST <mustang@pop-os>
# name: A
# type: matrix
# rows: 2
# columns: 2
 0 1.614987080103359
 0 -1.8518518518518516


# name: B
# type: matrix
# rows: 2
# columns: 1
 0
 2.0624074074074072


# name: Km
# type: scalar
259


# name: Ko
# type: scalar
0.25


# name: Kt
# type: scalar
0.0043


# name: Ku
# type: scalar
0.027777777777777776


# name: Tm
# type: scalar
0.54000000000000004


# name: lab1_time
# type: matrix
# rows: 1
# columns: 60
 0.099701999999999999 0.12559190000000001 0.15884590000000001 0.18663589999999999 0.21762670000000001 0.2603779 0.28915069999999998 0.3230904 0.35116700000000001 0.37928970000000001 0.4095242 0.43966549999999999 0.47505059999999999 0.50276019999999999 0.53415290000000004 0.56432130000000003 0.59308850000000002 0.62218530000000005 0.65070740000000005 0.68790110000000004 0.71564640000000002 0.74385330000000005 0.77330920000000003 0.80166459999999995 0.8308605 0.86387119999999995 0.89050560000000001 0.91986250000000003 0.94791300000000001 0.97814789999999996 1.0064275 1.0402051000000001 1.0686715 1.1057212000000001 1.1406692 1.175457 1.2115381999999999 1.2438195999999999 1.2718739999999999 1.3004598999999999 1.3305126 1.3575591 1.3914882 1.4204663 1.4498347 1.4779217 1.5108747 1.5375975 1.5669701 1.5964065999999999 1.6296056000000001 1.6618215999999999 1.6914496000000001 1.7195788999999999 1.7526984000000001 1.7837955999999999 1.8143342 1.8416967 1.8757944 1.9068533999999999


# name: lab1_x1_m
# type: matrix
# rows: 1
# columns: 60
 5.7331378299120237 5.8504398826979473 5.9824046920821115 6.0703812316715542 6.1143695014662756 6.3049853372434015 6.4662756598240465 6.5835777126099702 6.803519061583577 7.0087976539589434 7.2287390029325511 7.4926686217008793 7.7712609970674489 8.1378299120234594 8.416422287390029 8.8416422287390031 9.193548387096774 9.6627565982404686 10 10.366568914956012 11.363636363636363 11.920821114369502 12.653958944281523 13.48973607038123 0 0.11730205278592376 0.49853372434017595 0.82111436950146621 1.1876832844574778 1.4516129032258065 1.8035190615835779 2.0087976539589443 2.419354838709677 2.7126099706744871 2.9472140762463344 3.2991202346041053 3.7976539589442817 4.1055718475073313 4.3841642228739008 4.7653958944281527 5.0733137829912014 5.4105571847507337 5.806451612903226 6.2609970674486801 6.5982404692082106 7.1114369501466275 7.5366568914956016 8.0791788856304976 8.5777126099706749 9.0909090909090899 9.7507331378299114 10.410557184750735 11.348973607038124 12.096774193548388 13.255131964809383 0.073313782991202336 0.21994134897360706 0.67448680351906165 1.0557184750733137 1.5249266862170088


# name: lab1_x2_m
# type: matrix
# rows: 1
# columns: 60
 -0.50830889540566915 0.48875855327468365 0.95796676441837825 1.6617790811339201 1.9745845552297165 2.8543499511241439 3.2844574780058675 3.6559139784946257 4.1446725317693076 4.2228739002932567 4.7898338220918877 4.9853372434017604 5.2590420332355823 5.7673509286412514 6.0019550342130987 6.3343108504398824 6.4125122189638315 6.7448680351906152 6.8621700879765388 7.1358748778103607 7.2140762463343098 7.4291300097751698 7.585532746823068 7.7419354838709662 8.0156402737047916 8.0547409579667661 8.2502443792766389 8.3088954056696007 8.3675464320625625 8.4652981427174989 8.6608015640273717 8.7194525904203335 8.7390029325513208 9.0322580645161299 9.0909090909090917 9.1495601173020535 9.2277614858260026 9.2277614858260026 9.2277614858260026 9.2277614858260026 9.2277614858260026 9.2277614858260026 9.2277614858260026 9.2277614858260026 9.2277614858260026 9.2277614858260026 9.2277614858260026 9.2277614858260026 9.2277614858260026 9.2277614858260026 9.2277614858260026 9.2277614858260026 9.2277614858260026 9.2277614858260026 9.2277614858260026 9.2277614858260026 9.2277614858260026 9.2277614858260026 9.2277614858260026 9.2277614858260026


# name: sys
# type: class
# classname: ss
# length: 8
# name: a
# type: cell
# rows: 1
# columns: 1
# name: <cell-element>
# type: matrix
# rows: 2
# columns: 2
 0 1.614987080103359
 0 -1.8518518518518516





# name: b
# type: cell
# rows: 1
# columns: 1
# name: <cell-element>
# type: matrix
# rows: 2
# columns: 1
 0
 2.0624074074074072





# name: c
# type: cell
# rows: 1
# columns: 1
# name: <cell-element>
# type: diagonal matrix
# rows: 2
# columns: 2
1
1





# name: d
# type: cell
# rows: 1
# columns: 1
# name: <cell-element>
# type: matrix
# rows: 2
# columns: 1
 0
 0





# name: e
# type: cell
# rows: 1
# columns: 1
# name: <cell-element>
# type: null_matrix
# rows: 0
# columns: 0





# name: lti
# type: cell
# rows: 1
# columns: 1
# name: <cell-element>
# type: class
# classname: lti
# length: 8
# name: ingroup
# type: cell
# rows: 1
# columns: 1
# name: <cell-element>
# type: scalar struct
# ndims: 2
 1 1
# length: 0





# name: inname
# type: cell
# rows: 1
# columns: 1
# name: <cell-element>
# type: cell
# rows: 1
# columns: 1
# name: <cell-element>
# type: null_string
# elements: 0








# name: name
# type: cell
# rows: 1
# columns: 1
# name: <cell-element>
# type: null_string
# elements: 0





# name: notes
# type: cell
# rows: 1
# columns: 1
# name: <cell-element>
# type: cell
# rows: 0
# columns: 0





# name: outgroup
# type: cell
# rows: 1
# columns: 1
# name: <cell-element>
# type: scalar struct
# ndims: 2
 1 1
# length: 0





# name: outname
# type: cell
# rows: 1
# columns: 1
# name: <cell-element>
# type: cell
# rows: 2
# columns: 1
# name: <cell-element>
# type: null_string
# elements: 0


# name: <cell-element>
# type: null_string
# elements: 0








# name: tsam
# type: cell
# rows: 1
# columns: 1
# name: <cell-element>
# type: scalar
0





# name: userdata
# type: cell
# rows: 1
# columns: 1
# name: <cell-element>
# type: null_matrix
# rows: 0
# columns: 0










# name: scaled
# type: cell
# rows: 1
# columns: 1
# name: <cell-element>
# type: bool
0





# name: stname
# type: cell
# rows: 1
# columns: 1
# name: <cell-element>
# type: cell
# rows: 2
# columns: 1
# name: <cell-element>
# type: null_string
# elements: 0


# name: <cell-element>
# type: null_string
# elements: 0










